-5.000000 -1.000000 -1.000000 
-4.900990 -1.000000 -1.000000 
-4.801980 -1.000000 -1.000000 
-4.702970 -1.000000 -1.000000 
-4.603960 -1.000000 -1.000000 
-4.504950 -1.000000 -1.000000 
-4.405941 -1.000000 -1.000000 
-4.306931 -1.000000 -1.000000 
-4.207921 -1.000000 -1.000000 
-4.108911 -1.000000 -1.000000 
-4.009901 -1.000000 -1.000000 
-3.910891 -1.000000 -1.000000 
-3.811881 -1.000000 -1.000000 
-3.712871 -1.000000 -1.000000 
-3.613861 -1.000000 -1.000000 
-3.514851 -1.000000 -1.000000 
-3.415842 -1.000000 -1.000000 
-3.316832 -1.000000 -1.000000 
-3.217822 -1.000000 -1.000000 
-3.118812 -1.000000 -1.000000 
-3.019802 -1.000000 -1.000000 
-2.920792 -1.000000 -1.000000 
-2.821782 -1.000000 -1.000000 
-2.722772 -1.000000 -1.000000 
-2.623762 -1.000000 -1.000000 
-2.524752 -1.000000 -1.000000 
-2.425743 -1.000000 -1.000000 
-2.326733 -1.000000 -1.000000 
-2.227723 -1.000000 -1.000000 
-2.128713 -1.000000 -1.000000 
-2.029703 -1.000000 -1.000000 
-1.930693 -1.000000 -1.000000 
-1.831683 -1.000000 -1.000000 
-1.732673 -1.000000 -1.000000 
-1.633663 -1.000000 -1.000000 
-1.534653 -1.000000 -1.000000 
-1.435644 -1.000000 -1.000000 
-1.336634 -1.000000 -1.000000 
-1.237624 -1.000000 -1.000000 
-1.138614 -1.000000 -1.000000 
-1.039604 -1.000000 -1.000000 
-0.940594 -1.000000 -1.000000 
-0.841584 -1.000000 -1.000000 
-0.742574 -1.000000 -1.000000 
-0.643564 -1.000000 -1.000000 
-0.544554 -1.000000 -1.000000 
-0.445545 -1.000000 -1.000000 
-0.346535 -1.000000 -1.000000 
-0.247525 -1.000000 -1.000000 
-0.148515 -1.000000 -1.000000 
-0.049505 -1.000000 -1.000000 
0.049505 -1.000000 -0.999995 
0.148515 -1.000000 -0.999909 
0.247525 -1.000000 -0.999217 
0.346535 -1.000000 -0.995654 
0.445545 -1.000000 -0.982479 
0.544554 -1.000000 -0.945254 
0.643564 -1.000000 -0.861710 
0.742574 -1.000000 -0.708894 
0.841584 -1.000000 -0.476933 
0.940594 -1.000000 -0.180983 
1.039604 1.000000 0.139318 
1.138614 1.000000 0.435263 
1.237624 1.000000 0.669674 
1.336634 1.000000 0.829205 
1.435644 1.000000 0.922535 
1.534653 1.000000 0.969417 
1.633663 1.000000 0.989579 
1.732673 1.000000 0.996965 
1.831683 1.000000 0.999254 
1.930693 1.000000 0.999847 
2.029703 1.000000 0.999975 
2.128713 1.000000 0.999997 
2.227723 1.000000 1.000000 
2.326733 1.000000 1.000000 
2.425743 1.000000 1.000000 
2.524752 1.000000 1.000000 
2.623762 1.000000 1.000000 
2.722772 1.000000 1.000000 
2.821782 1.000000 1.000000 
2.920792 1.000000 1.000000 
3.019802 1.000000 1.000000 
3.118812 1.000000 1.000000 
3.217822 1.000000 1.000000 
3.316832 1.000000 1.000000 
3.415842 1.000000 1.000000 
3.514851 1.000000 1.000000 
3.613861 1.000000 1.000000 
3.712871 1.000000 1.000000 
3.811881 1.000000 1.000000 
3.910891 1.000000 1.000000 
4.009901 1.000000 1.000000 
4.108911 1.000000 1.000000 
4.207921 1.000000 1.000000 
4.306931 1.000000 1.000000 
4.405941 1.000000 1.000000 
4.504950 1.000000 1.000000 
4.603960 1.000000 1.000000 
4.702970 1.000000 1.000000 
4.801980 1.000000 1.000000 
4.900990 1.000000 1.000000 
5.000000 1.000000 1.000000 
