-5.000000 0.000000 -0.301146 
-4.900990 0.582741 -0.301144 
-4.801980 0.947138 -0.301117 
-4.702970 0.956658 -0.300887 
-4.603960 0.607733 -0.299637 
-4.504950 0.031100 -0.294739 
-4.405941 -0.557186 -0.280043 
-4.306931 -0.936702 -0.245007 
-4.207921 -0.965252 -0.177182 
-4.108911 -0.632136 -0.069528 
-4.009901 -0.062170 0.069977 
-3.910891 0.531091 0.213093 
-3.811881 0.925360 0.316931 
-3.712871 0.972912 0.340751 
-3.613861 0.655929 0.266303 
-3.514851 0.093179 0.110546 
-3.415842 -0.504483 -0.076883 
-3.316832 -0.913123 -0.231159 
-3.217822 -0.979631 -0.297187 
-3.118812 -0.679086 -0.251346 
-3.019802 -0.124099 -0.111192 
-2.920792 0.477387 0.070653 
-2.821782 0.900003 0.226030 
-2.722772 0.985402 0.296719 
-2.623762 0.701587 0.256231 
-2.524752 0.154898 0.119738 
-2.425743 -0.449828 -0.061619 
-2.326733 -0.886011 -0.219888 
-2.227723 -0.990220 -0.295769 
-2.128713 -0.723409 -0.260830 
-2.029703 -0.185548 -0.128162 
-1.930693 0.421835 0.052526 
-1.831683 0.871163 0.213534 
-1.732673 0.994080 0.294534 
-1.633663 0.744531 0.265176 
-1.534653 0.216018 0.136462 
-1.435644 -0.393434 -0.043383 
-1.336634 -0.855472 -0.206973 
-1.237624 -0.996978 -0.293013 
-1.138614 -0.764933 -0.269266 
-1.039604 -0.246279 -0.144629 
-0.940594 0.364652 0.034198 
-0.841584 0.838953 0.200212 
-0.742574 0.998912 0.291209 
-0.643564 0.784594 0.273095 
-0.544554 0.276302 0.152657 
-0.445545 -0.335517 -0.024980 
-0.346535 -0.821622 -0.193257 
-0.247525 -0.999879 -0.289124 
-0.148515 -0.803497 -0.276660 
-0.049505 -0.306057 -0.160537 
0.049505 0.306057 0.015737 
0.148515 0.803497 0.186115 
0.247525 0.999879 0.286758 
0.346535 0.821622 0.279958 
0.445545 0.335517 0.168262 
0.544554 -0.276302 -0.006479 
0.643564 -0.784594 -0.178793 
0.742574 -0.998912 -0.284115 
0.841584 -0.838953 -0.282984 
0.940594 -0.364652 -0.175824 
1.039604 0.246279 -0.002785 
1.138614 0.764933 0.171298 
1.237624 0.996978 0.281198 
1.336634 0.855472 0.285737 
1.435644 0.393434 0.183215 
1.534653 -0.216018 0.012046 
1.633663 -0.744531 -0.163637 
1.732673 -0.994080 -0.278008 
1.831683 -0.871163 -0.288214 
1.930693 -0.421835 -0.190430 
2.029703 0.185548 -0.021295 
2.128713 0.723409 0.155818 
2.227723 0.990220 0.274549 
2.326733 0.886011 0.290411 
2.425743 0.449828 0.197460 
2.524752 -0.154898 0.030524 
2.623762 -0.701587 -0.147848 
2.722772 -0.985402 -0.270825 
2.821782 -0.900003 -0.292328 
2.920792 -0.477387 -0.204300 
3.019802 0.124099 -0.039724 
3.118812 0.679086 0.139736 
3.217822 0.979631 0.266839 
3.316832 0.913123 0.293961 
3.415842 0.504483 0.210941 
3.514851 -0.093179 0.048885 
3.613861 -0.655929 -0.131488 
3.712871 -0.972912 -0.262594 
3.811881 -0.925360 -0.295311 
3.910891 -0.531091 -0.217379 
4.009901 0.062170 -0.057999 
4.108911 0.632136 0.123113 
4.207921 0.965252 0.258096 
4.306931 0.936702 0.296374 
4.405941 0.557186 0.223606 
4.504950 -0.031100 0.067057 
4.603960 -0.607733 -0.114618 
4.702970 -0.956658 -0.253348 
4.801980 -0.947138 -0.297151 
4.900990 -0.582741 -0.229617 
5.000000 -0.000000 -0.076049 
